52,7,56,0,0
day,number of animals,number of grass,avg energy,length of life,avg children
1,32,2,95,0,0
2,34,4,84,0,0
3,41,6,74,0,0
4,47,8,56,0,0
5,55,9,44,0,0
6,61,9,33,0,0
7,66,8,28,2,1
8,73,8,24,2,1
9,76,9,19,3,1
10,67,9,17,3,1
55,7,47,1,0
day,number of animals,number of grass,avg energy,length of life,avg children
1,32,2,95,0,0
2,35,4,84,0,0
3,39,6,71,0,0
4,47,8,59,0,0
5,57,8,44,0,0
6,66,10,33,0,0
7,73,12,24,2,1
8,71,14,20,2,1
9,67,12,17,3,1
10,60,13,18,3,1
11,56,14,16,3,1
12,50,16,14,4,1
13,38,17,14,4,1
14,33,18,13,4,1
15,26,19,13,4,1
16,16,19,22,4,1
17,12,21,34,5,1
45,12,34,2,0
day,number of animals,number of grass,avg energy,length of life,avg children
1,31,2,95,0,0
2,33,4,86,0,0
3,38,6,76,0,0
34,4,85,0,0
day,number of animals,number of grass,avg energy,length of life,avg children
1,11,2,95,0,0
2,12,4,81,0,0
3,15,5,69,0,0
4,18,6,54,0,0
5,22,4,40,0,0
6,28,5,34,0,1
7,32,4,23,0,1
8,31,6,24,3,1
9,30,6,22,3,1
10,29,6,22,3,1
11,27,6,19,3,1
12,25,8,18,4,1
13,21,7,17,4,2
14,22,7,18,4,2
15,21,6,21,4,2
16,23,6,20,4,2
17,21,5,17,4,2
18,16,5,27,4,2
19,11,7,40,4,2
20,9,9,44,4,2
21,9,11,39,4,2
22,7,11,45,5,2
23,7,11,55,5,2
24,7,12,64,5,2
25,8,13,59,5,2
26,9,13,53,5,2
27,9,14,53,5,2
28,10,16,48,5,2
29,8,17,58,5,2
30,9,15,52,5,2
31,10,15,52,5,2
32,11,15,47,5,2
33,12,11,42,5,2
34,13,10,59,5,2
35,15,11,57,5,2
36,17,8,52,5,1
37,20,7,49,5,1
16,8,42,3,1
38,23,8,47,5,1
day,number of animals,number of grass,avg energy,length of life,avg children
1,11,1,95,0,0
2,13,2,81,0,0
3,15,3,63,0,0
4,18,4,53,0,0
5,22,5,42,0,0
6,28,6,32,0,1
7,35,6,21,0,1
8,35,7,17,2,1
9,29,6,17,2,1
10,25,6,18,3,1
11,19,6,25,3,1
12,22,6,22,3,1
13,23,6,17,3,1
14,25,4,14,3,1
15,21,3,18,3,2
16,17,4,26,3,2
17,17,4,25,3,2
18,17,5,25,4,2
21,4,33,1,0
day,number of animals,number of grass,avg energy,length of life,avg children
1,10,1,95,0,0
2,10,3,90,0,0
3,12,5,85,0,0
4,14,6,65,0,0
5,17,7,55,0,0
6,21,8,43,0,0
7,26,10,30,0,1
8,30,8,19,0,1
9,27,7,22,3,1
10,26,6,22,3,1
11,22,8,26,3,1
12,18,8,27,3,1
13,19,8,30,3,1
14,20,8,26,3,1
15,20,5,23,3,1
16,19,3,28,3,2
17,20,3,30,3,2
18,18,5,32,4,2
19,18,7,30,4,2
20,18,6,23,4,2
21,17,7,31,4,2
22,17,7,29,4,2
23,18,6,29,4,2
24,18,6,33,4,2
25,19,6,27,4,2
26,19,8,25,4,2
18,6,37,2,1
27,18,8,22,5,2
day,number of animals,number of grass,avg energy,length of life,avg children
1,1,1,95,0,0
2,1,2,90,0,0
3,1,3,85,0,0
4,1,4,80,0,0
5,1,4,75,0,0
6,1,5,120,0,0
7,1,6,115,0,0
8,1,7,110,0,0
9,1,8,105,0,0
10,1,8,100,0,0
11,1,8,95,0,0
12,1,8,90,0,0
1,5,96,0,0
day,number of animals,number of grass,avg energy,length of life,avg children
1,2,1,95,0,0
2,2,2,90,0,0
3,2,2,85,0,0
4,2,2,80,0,0
5,3,3,75,0,0
6,4,3,45,0,0
7,5,3,28,0,1
8,6,3,18,0,1
9,7,3,10,0,1
10,8,2,3,0,1
11,6,1,7,1,2
12,2,2,48,4,2
13,2,2,43,4,2
14,2,2,38,4,2
15,2,2,58,4,2
3,2,48,1,0
day,number of animals,number of grass,avg energy,length of life,avg children
1,2,1,95,0,0
2,2,1,90,0,0
3,2,1,85,0,0
4,2,1,80,0,0
5,2,1,75,0,0
2,1,85,0,0
day,number of animals,number of grass,avg energy,length of life,avg children
1,2,1,95,0,0
2,2,2,90,0,0
3,2,2,85,0,0
4,2,2,80,0,0
2,1,87,0,0
day,number of animals,number of grass,avg energy,length of life,avg children
1,3,1,95,0,0
2,3,2,90,0,0
3,3,3,85,0,0
4,3,2,80,0,0
3,2,87,0,0
day,number of animals,number of grass,avg energy,length of life,avg children
1,1,1,95,0,0
2,1,2,90,0,0
3,1,3,85,0,0
4,1,3,80,0,0
5,1,3,75,0,0
6,1,3,120,0,0
7,1,3,115,0,0
8,1,3,110,0,0
9,1,3,105,0,0
10,1,3,100,0,0
11,1,3,95,0,0
1,2,97,0,0
day,number of animals,number of grass,avg energy,length of life,avg children
1,10,2,95,0,0
2,10,3,90,0,0
3,11,5,90,0,0
4,13,6,76,0,0
5,14,6,63,0,0
6,16,7,61,0,0
7,18,7,51,0,0
8,21,8,46,0,0
9,24,9,39,3,1
10,29,10,30,3,1
11,30,10,25,2,1
12,36,7,18,2,1
13,37,6,18,4,1
14,39,3,14,5,1
15,32,3,18,4,2
16,27,5,21,4,2
17,25,6,17,4,2
18,25,7,13,4,2
19,26,6,8,5,2
20,21,7,11,5,2
21,19,7,9,5,2
22,12,9,21,5,2
23,9,10,21,5,2
24,7,12,29,5,2
25,6,14,29,5,2
26,6,15,24,5,2
27,6,15,19,5,2
28,6,15,23,5,2
29,6,15,18,5,2
30,5,15,17,5,2
31,4,15,42,5,2
32,3,15,69,5,3
33,3,17,97,5,3
34,3,17,92,5,3
35,3,18,104,5,3
16,9,40,3,1
36,3,19,99,5,3
37,3,19,94,5,3
38,3,20,106,5,3
39,3,20,101,5,3
40,3,20,96,5,3
41,3,21,91,5,3
42,3,21,86,5,3
43,3,21,81,5,3
44,3,21,92,5,3
45,3,20,87,5,3
46,3,20,99,5,3
47,3,20,111,5,3
48,3,21,122,5,3
49,3,22,117,5,3
50,3,21,112,5,3
51,3,20,124,5,3
52,3,20,136,5,3
53,3,19,131,5,3
54,3,19,159,5,3
55,3,19,171,5,3
56,3,20,199,5,3
57,3,20,211,5,3
day,number of animals,number of grass,avg energy,length of life,avg children
day,number of animals,number of grass,avg energy,length of life,avg children
1,30,2,95,0,0
2,33,4,90,0,0
3,37,6,76,0,0
33,4,87,0,0
4,41,4,63,0,0
5,50,6,57,0,0
6,57,8,41,0,0
7,67,8,31,0,0
8,69,10,25,2,1
9,69,12,22,2,1
10,71,12,16,3,1
11,67,11,13,3,1
12,54,12,14,4,1
13,38,14,18,4,1
14,29,15,20,4,1
15,26,17,20,4,1
16,25,19,17,5,1
17,25,20,13,5,1
18,21,22,12,5,1
19,14,22,13,5,1
20,9,22,27,5,2
21,7,23,45,5,1
22,6,25,56,6,0
23,6,26,51,6,0
24,6,28,54,6,0
25,5,30,61,6,1
26,5,32,56,6,1
27,4,34,65,6,1
28,4,36,60,6,1
29,4,37,55,6,1
30,4,37,62,6,1
31,3,39,112,6,1
32,3,41,107,6,1
33,3,43,102,6,1
34,3,45,97,6,1
35,3,46,92,6,1
36,3,48,103,6,1
37,3,50,98,6,1
38,3,51,93,6,1
39,3,53,105,6,1
40,3,54,100,6,1
41,3,56,112,6,1
42,2,58,163,6,2
43,2,60,158,6,2
44,2,62,153,6,2
45,2,64,148,6,2
46,2,65,143,6,2
47,2,67,163,6,2
48,2,69,158,6,2
49,2,70,153,6,2
50,2,71,173,6,2
51,2,71,168,6,2
52,2,72,188,6,2
53,2,73,183,6,2
54,2,73,178,6,2
55,2,74,198,6,2
56,2,75,193,6,2
57,2,75,188,6,2
58,2,76,208,6,2
59,2,76,203,6,2
60,2,77,223,6,2
61,2,78,243,6,2
62,2,79,238,6,2
63,2,80,233,6,2
64,2,81,228,6,2
65,2,82,248,6,2
66,2,83,243,6,2
67,2,83,238,6,2
68,2,83,283,6,2
69,2,84,303,6,2
70,2,85,298,6,2
71,2,86,318,6,2
72,2,86,313,6,2
73,2,85,333,6,2
74,2,86,378,6,2
75,2,87,398,6,2
76,2,87,393,6,2
77,2,88,438,6,2
78,2,89,458,6,2
79,2,90,478,6,2
80,2,91,498,6,2
81,2,91,518,6,2
82,2,92,563,6,2
83,2,93,558,6,2
84,2,93,553,6,2
85,2,93,548,6,2
86,2,93,543,6,2
87,2,93,563,6,2
88,2,93,583,6,2
89,2,92,578,6,2
90,2,92,623,6,2
91,2,92,618,6,2
92,2,92,613,6,2
93,2,92,608,6,2
94,2,91,603,6,2
95,2,91,648,6,2
96,2,91,668,6,2
97,2,90,663,6,2
98,2,90,708,6,2
99,2,90,728,6,2
100,2,89,723,6,2
101,2,89,743,6,2
102,2,88,763,6,2
103,2,88,783,6,2
104,2,88,778,6,2
105,2,87,798,6,2
106,2,86,843,6,2
107,2,87,888,6,2
108,2,87,883,6,2
109,2,87,878,6,2
110,2,87,873,6,2
111,2,87,868,6,2
112,2,87,863,6,2
113,2,86,858,6,2
114,2,86,878,6,2
115,2,86,873,6,2
116,2,85,868,6,2
117,2,84,888,6,2
118,2,84,908,6,2
119,2,82,903,6,2
120,2,81,948,6,2
121,2,80,968,6,2
122,2,79,988,6,2
123,2,79,1008,6,2
124,2,79,1003,6,2
125,2,79,998,6,2
126,2,79,993,6,2
127,2,79,988,6,2
128,2,79,983,6,2
129,2,79,978,6,2
130,2,79,973,6,2
131,2,77,968,6,2
132,2,77,1013,6,2
133,2,77,1008,6,2
134,2,75,1003,6,2
135,2,75,1048,6,2
136,2,75,1043,6,2
137,2,74,1038,6,2
138,2,74,1058,6,2
139,2,74,1053,6,2
140,2,73,1048,6,2
141,2,73,1068,6,2
142,2,73,1063,6,2
143,2,73,1058,6,2
144,2,73,1053,6,2
145,2,73,1048,6,2
146,2,73,1043,6,2
147,2,73,1038,6,2
148,2,73,1033,6,2
149,2,73,1028,6,2
150,2,73,1023,6,2
151,2,73,1018,6,2
152,2,73,1013,6,2
153,2,72,1008,6,2
154,2,72,1028,6,2
155,2,72,1023,6,2
156,2,72,1018,6,2
157,2,72,1013,6,2
158,2,72,1008,6,2
159,2,72,1003,6,2
160,2,71,998,6,2
161,2,70,1018,6,2
162,2,70,1038,6,2
163,2,70,1058,6,2
164,2,70,1053,6,2
165,2,70,1073,6,2
166,3,70,1068,6,2
167,3,70,707,6,2
168,3,70,702,6,2
169,3,70,697,6,2
170,3,71,692,6,2
171,3,71,687,6,2
172,3,69,682,6,2
173,3,69,710,6,2
174,3,69,705,6,2
175,3,69,700,6,2
176,3,69,695,6,2
177,3,68,690,6,2
178,3,68,718,6,2
179,3,68,730,6,2
180,3,67,742,6,2
181,3,68,753,6,2
182,3,68,748,6,2
183,3,67,743,6,2
184,3,67,755,6,2
185,3,67,767,6,2
186,3,67,778,6,2
187,3,67,773,6,2
188,3,67,768,6,2
189,3,66,763,6,2
190,3,65,775,6,2
191,3,65,803,6,2
192,3,65,815,6,2
193,3,65,810,6,2
194,3,66,822,6,2
195,3,66,817,6,2
196,3,66,812,6,2
197,3,66,807,6,2
198,3,66,802,6,2
199,3,66,813,6,2
200,3,67,808,6,2
201,3,67,803,6,2
202,3,65,798,6,2
203,3,64,843,6,2
204,3,65,855,6,2
205,3,66,850,6,2
206,3,66,845,6,2
207,3,66,840,6,2
208,3,66,835,6,2
209,3,65,830,6,2
210,3,65,842,6,2
211,3,65,853,6,2
212,3,65,882,6,2
213,3,66,910,6,2
214,3,67,922,6,2
215,3,68,917,6,2
216,3,69,912,6,2
217,3,70,907,6,2
218,3,71,902,6,2
219,3,70,897,6,2
220,3,70,925,6,2
221,3,70,920,6,2
222,3,71,915,6,2
223,3,71,910,6,2
224,3,70,905,6,2
225,3,69,917,6,2
226,3,68,928,6,2
227,3,68,957,6,2
228,3,68,968,6,2
229,3,67,963,6,2
230,3,66,992,6,2
231,3,66,1003,6,2
232,3,66,998,6,2
233,3,65,993,6,2
234,3,66,1022,6,2
235,3,67,1017,6,2
236,3,67,1012,6,2
237,3,66,1007,6,2
238,3,66,1018,6,2
239,3,66,1013,6,2
240,3,65,1008,6,2
241,3,66,1020,6,2
242,3,64,1015,6,2
243,3,64,1043,6,2
244,3,64,1038,6,2
245,3,62,1033,6,2
246,3,62,1062,6,2
247,3,62,1073,6,2
248,3,62,1085,6,2
249,3,61,1097,6,2
250,3,61,1125,6,2
251,3,61,1120,6,2
252,3,61,1115,6,2
253,3,60,1110,6,2
254,3,59,1122,6,2
255,3,59,1150,6,2
256,3,59,1162,6,2
257,3,60,1173,6,2
258,3,61,1168,6,2
259,3,62,1180,6,2
260,3,61,1175,6,2
261,3,62,1203,6,2
262,3,63,1198,6,2
263,3,61,1210,6,2
264,3,60,1255,6,2
265,3,61,1283,6,2
266,3,60,1295,6,2
267,3,62,1340,6,2
268,3,62,1335,6,2
269,3,63,1347,6,2
270,3,64,1342,6,2
271,3,64,1337,6,2
272,3,65,1348,6,2
273,4,67,1343,6,2
274,5,68,1002,6,2
275,6,69,797,6,2
276,7,70,667,6,2
277,8,71,567,6,2
278,9,70,497,6,2
279,10,69,454,6,2
280,11,70,413,6,2
281,12,70,371,6,2
282,13,70,343,6,2
283,14,71,319,6,2
284,15,71,295,6,2
285,17,68,277,6,2
286,19,68,251,6,2
287,21,67,225,6,2
288,24,67,206,6,2
289,25,61,187,6,1
290,24,60,209,6,2
291,25,57,202,6,2
292,25,52,199,6,1
293,25,50,200,6,1
294,27,52,203,6,1
295,32,53,183,6,1
296,40,53,151,6,1
297,49,48,118,6,1
298,61,45,101,6,1
299,71,41,78,6,1
300,78,36,74,9,1
301,94,33,62,8,1
302,110,28,50,8,1
303,128,23,41,8,2
304,139,21,34,8,2
305,146,17,30,7,2
306,138,11,29,7,2
307,134,8,27,8,2
308,117,9,29,8,2
309,105,9,30,7,2
310,93,9,30,7,2
311,87,8,29,8,2
312,83,7,28,8,2
313,85,9,26,8,2
314,83,9,21,8,2
315,68,11,22,7,2
316,57,13,23,7,2
317,58,14,18,7,2
318,51,15,16,7,2
319,46,17,14,7,2
320,39,16,12,7,2
321,33,18,16,7,2
322,27,17,14,7,2
323,21,18,20,7,2
324,13,20,32,7,3
325,9,21,43,7,3
326,9,23,44,7,3
327,8,25,45,7,2
328,7,24,47,7,2
329,7,26,63,7,2
330,7,28,58,7,2
331,7,30,53,7,2
332,7,31,48,7,2
333,7,33,50,7,2
334,6,35,54,7,3
335,6,36,49,7,3
336,5,37,64,8,3
337,5,38,69,8,3
338,5,40,74,8,3
339,4,41,89,8,4
340,4,43,96,8,4
341,4,43,91,8,4
342,4,45,111,8,4
343,4,46,106,8,4
344,4,47,114,8,4
345,4,48,121,8,4
346,4,49,129,8,4
347,4,50,136,8,4
348,4,51,144,8,4
349,4,53,151,8,4
350,4,54,146,8,4
351,4,56,154,8,4
352,5,58,149,8,4
353,6,60,114,8,3
354,6,61,90,8,3
355,6,62,93,8,3
356,6,64,96,8,3
357,7,66,91,8,3
358,8,67,73,8,3
359,9,67,65,8,3
360,10,68,64,8,2
361,10,68,58,8,2
362,7,69,85,7,3
363,7,68,87,7,3
364,8,69,104,7,3
365,9,71,92,7,3
366,9,71,77,7,3
367,7,70,109,7,4
368,6,70,148,7,4
369,6,70,159,7,4
370,6,72,171,7,4
371,6,73,166,7,4
372,6,73,161,7,4
373,5,74,199,8,3
374,5,74,204,8,3
375,5,73,209,8,3
376,5,72,234,8,3
377,5,72,259,8,3
378,5,74,274,8,3
379,5,73,269,8,3
380,5,73,294,8,3
381,5,72,299,8,3
382,5,72,324,8,3
383,5,73,329,8,3
384,5,73,334,8,3
385,5,73,349,8,3
386,5,74,364,8,3
387,5,75,359,8,3
388,5,76,364,8,3
389,5,75,359,8,3
390,5,76,374,8,3
391,5,75,369,8,3
392,5,75,384,8,3
393,5,74,389,8,3
394,6,74,394,8,3
395,6,71,331,8,3
396,6,71,351,8,3
397,7,72,355,8,3
398,8,72,299,8,3
399,8,71,269,8,3
400,8,72,276,8,3
401,8,71,278,8,3
402,8,72,291,8,3
403,9,74,293,8,3
404,10,72,255,8,3
405,11,72,245,8,2
406,12,74,226,8,2
407,12,72,202,8,2
408,12,68,210,8,2
409,12,67,230,8,2
410,13,69,237,8,2
411,13,64,214,8,2
412,13,64,236,8,2
413,14,65,239,8,2
414,16,64,220,8,2
415,18,60,197,8,2
416,20,59,187,8,2
417,22,57,171,8,2
418,27,57,159,8,2
419,33,52,128,8,2
420,40,46,110,8,2
421,46,41,96,8,2
422,53,38,93,8,2
423,61,32,75,8,2
424,69,29,68,8,2
425,80,24,60,8,2
426,88,22,54,7,2
427,99,16,45,7,2
428,102,14,44,7,2
429,118,10,35,7,2
430,134,10,29,7,2
431,138,5,23,7,2
432,134,4,22,7,2
433,135,5,19,7,2
434,132,6,15,7,2
435,127,6,11,7,2
436,112,5,8,7,2
437,88,5,8,7,3
438,60,7,10,7,3
439,45,7,11,7,3
440,29,9,15,7,3
441,21,10,17,7,3
442,16,11,21,7,2
443,15,13,23,7,2
444,18,14,17,7,2
445,19,15,13,7,2
446,17,17,11,7,2
447,10,17,14,7,3
448,9,19,22,7,3
449,7,18,24,8,2
450,7,20,41,8,2
451,6,22,43,8,1
452,5,23,47,8,2
453,5,25,52,8,2
454,6,27,47,8,2
455,6,29,34,8,2
456,5,31,36,8,0
457,5,32,31,8,0
458,4,33,48,8,1
459,4,35,55,8,1
460,4,37,50,8,1
461,3,38,63,8,1
462,3,40,74,8,1
463,3,42,69,8,1
464,3,43,64,8,1
465,3,45,76,8,1
466,3,47,71,8,1
467,3,49,66,8,1
468,3,50,61,8,1
469,3,52,73,8,1
470,3,54,68,8,1
471,3,56,63,8,1
472,3,57,58,8,1
473,3,59,69,8,1
474,3,60,64,8,1
475,3,61,76,8,1
476,3,63,88,8,1
477,3,65,83,8,1
478,3,66,78,8,1
479,3,67,89,8,1
480,3,68,101,8,1
481,3,69,113,8,1
482,3,71,124,8,1
483,3,72,119,8,1
484,3,73,114,8,1
485,3,73,109,8,1
486,3,74,138,8,1
487,3,74,133,8,1
488,3,74,144,8,1
489,3,75,156,8,1
490,3,75,168,8,1
491,3,75,196,8,1
492,3,77,224,8,1
493,3,78,219,8,1
494,3,79,231,8,1
495,3,80,226,8,1
496,3,81,221,8,1
497,3,82,216,8,1
498,3,83,211,8,1
499,3,85,223,8,1
500,3,86,218,8,1
501,3,87,213,8,1
502,3,88,208,8,1
503,3,89,203,8,1
504,3,89,198,8,1
505,3,89,209,8,1
506,3,89,221,8,1
507,3,90,249,8,1
508,3,91,261,8,1
509,3,91,256,8,1
510,3,91,284,8,1
511,3,92,296,8,1
512,4,94,291,8,1
513,4,93,213,8,1
514,4,93,233,8,1
515,4,93,228,8,1
516,4,92,236,8,1
517,4,92,256,8,1
518,4,91,251,8,1
519,4,90,271,8,1
520,4,90,291,8,1
521,4,90,298,8,1
522,4,90,306,8,1
523,4,88,313,8,1
524,4,88,346,8,1
525,4,88,353,8,1
526,4,88,348,8,1
527,4,87,356,8,1
528,4,87,376,8,1
529,4,88,383,8,1
530,4,87,378,8,1
531,4,88,398,8,1
532,4,87,393,8,1
533,4,87,401,8,1
534,4,87,408,8,1
535,4,86,416,8,1
536,4,86,423,8,1
537,4,85,431,8,1
538,4,85,451,8,1
539,4,83,446,8,1
540,4,83,478,8,1
541,4,83,486,8,1
542,4,83,481,8,1
543,4,83,476,8,1
544,4,82,483,8,1
545,4,82,503,8,1
546,4,82,498,8,1
547,4,81,506,8,1
548,4,80,526,8,1
549,5,82,546,8,1
550,5,81,431,8,1
551,5,82,446,8,1
552,5,83,441,8,1
day,number of animals,number of grass,avg energy,length of life,avg children
day,number of animals,number of grass,avg energy,length of life,avg children
day,number of animals,number of grass,avg energy,length of life,avg children
1,35,2,95,0,0
2,42,4,76,0,0
3,50,5,58,0,0
4,62,6,45,0,0
5,75,7,32,0,1
6,87,9,22,0,1
7,90,10,15,2,1
8,83,12,13,2,1
65,6,44,0,0
day,number of animals,number of grass,avg energy,length of life,avg children
1,32,2,95,0,0
2,35,4,84,0,0
3,39,6,71,0,0
4,46,8,59,0,0
5,52,8,45,0,0
6,58,10,37,0,0
7,62,10,29,2,0
8,58,11,28,2,1
9,57,13,25,3,1
10,54,15,22,3,1
49,8,49,1,0
day,number of animals,number of grass,avg energy,length of life,avg children
1,30,2,95,0,0
2,31,4,90,0,0
3,33,6,82,0,0
4,35,8,72,0,0
5,38,10,63,0,0
6,43,11,53,0,0
7,50,12,43,0,0
37,7,71,0,0
day,number of animals,number of grass,avg energy,length of life,avg children
1,32,2,95,0,0
2,36,4,84,0,0
3,41,6,69,0,0
4,48,8,56,0,0
5,59,10,43,0,0
6,69,11,30,0,0
7,76,11,22,2,1
8,83,10,17,3,1
9,78,12,14,3,1
10,64,10,13,3,1
58,8,44,1,0
day,number of animals,number of grass,avg energy,length of life,avg children
1,31,2,95,0,0
2,34,4,86,0,0
3,38,6,74,0,0
4,42,7,61,0,0
5,46,9,51,0,0
6,53,9,42,0,0
7,59,8,33,0,0
8,62,9,30,1,1
9,59,9,28,3,1
10,65,10,23,4,1
11,65,12,17,4,1
12,58,11,16,4,1
13,49,12,17,4,1
14,44,14,15,4,1
15,35,15,14,4,1
16,27,17,17,4,1
17,24,18,15,4,2
18,19,19,16,5,2
19,14,21,21,5,1
20,13,23,18,5,1
21,7,25,28,6,2
22,6,27,29,6,2
23,6,29,30,6,1
24,7,31,20,6,1
25,8,33,12,6,1
34,15,32,3,0
day,number of animals,number of grass,avg energy,length of life,avg children
1,10,1,95,0,0
2,10,2,90,0,0
3,11,3,85,0,0
4,13,4,72,0,0
5,17,6,56,0,0
6,19,6,37,0,0
7,24,8,34,0,0
8,27,7,23,2,1
9,27,5,19,3,1
17,4,56,0,0
10,25,5,23,3,1
11,26,5,21,3,1
12,24,5,22,4,1
13,24,5,18,3,1
14,23,6,18,4,1
15,24,6,10,4,1
16,21,6,9,4,1
17,18,7,11,4,2
18,16,8,8,4,2
19,11,8,8,5,2
20,11,9,10,5,2
21,10,9,6,5,1
22,7,10,4,5,2
23,5,10,1,5,2
24,2,10,4,5,2
25,2,10,24,5,2
26,1,10,45,5,2
27,1,10,40,5,2
28,1,10,35,5,2
29,1,10,30,5,2
day,number of animals,number of grass,avg energy,length of life,avg children
1,5,2,95,0,0
2,5,3,90,0,0
3,5,5,95,0,0
5,3,93,0,0
4,5,6,90,0,0
5,5,8,95,0,0
day,number of animals,number of grass,avg energy,length of life,avg children
1,5,2,95,0,0
2,6,4,90,0,0
3,8,6,70,0,0
6,4,85,0,0
4,11,8,47,0,0
5,14,8,29,0,1
6,18,9,25,0,1
7,20,10,17,0,1
8,20,11,13,0,1
9,13,13,22,2,2
10,9,13,30,3,1
11,10,13,27,3,1
12,10,14,28,3,2
13,11,13,23,4,1
14,12,13,23,4,1
15,10,13,35,4,2
16,10,14,42,4,2
17,10,15,37,5,1
18,11,14,28,5,1
19,12,13,28,4,1
20,13,13,25,4,1
21,14,12,16,4,1
22,10,12,31,4,1
23,10,10,32,4,2
24,11,9,39,4,2
25,13,10,35,4,2
26,13,8,27,4,2
27,14,7,30,4,2
28,15,7,27,4,2
29,15,5,22,4,2
30,13,6,32,4,2
31,12,7,33,4,2
32,13,8,29,4,2
33,13,9,29,4,2
34,10,9,39,6,2
35,11,11,40,6,2
36,10,11,40,6,1
37,11,12,41,6,1
38,12,13,37,6,2
39,14,14,30,6,2
40,14,13,26,7,1
41,14,12,32,7,1
42,15,12,33,7,1
43,17,13,29,6,1
44,17,15,22,6,1
45,10,16,34,6,2
46,9,17,45,6,1
47,10,15,40,6,1
48,9,15,53,6,1
day,number of animals,number of grass,avg energy,length of life,avg children
1,32,2,95,0,0
2,35,4,84,0,0
3,38,6,71,0,0
35,4,83,0,0
4,43,7,61,0,0
5,50,9,50,0,0
6,56,10,38,0,0
7,56,11,32,1,0
8,52,10,31,2,0
day,number of animals,number of grass,avg energy,length of life,avg children
1,6,2,95,0,0
2,7,3,74,0,0
3,8,4,65,0,0
7,3,78,0,0
4,9,5,58,0,0
5,12,7,52,0,0
6,13,8,34,0,1
7,13,9,33,1,1
8,11,11,40,2,1
9,10,12,40,4,0
10,10,13,41,4,0
11,9,14,48,3,1
12,9,13,38,3,1
13,6,14,61,4,0
14,5,15,79,4,0
15,5,15,74,4,0
16,5,13,79,4,0
17,5,14,94,4,0
18,5,15,89,4,0
19,5,16,94,4,0
20,4,16,126,4,0
21,4,18,146,4,0
22,4,18,141,4,0
23,4,17,136,4,0
24,4,16,144,4,0
25,4,17,164,4,0
26,4,16,159,4,0
27,4,16,179,4,0
28,4,16,186,4,0
29,4,15,194,4,0
30,4,16,214,4,0
31,4,15,209,4,0
32,4,14,216,4,0
33,4,14,236,4,0
34,4,14,231,4,0
35,4,13,226,4,0
36,4,12,246,4,0
37,4,12,254,4,0
38,4,11,249,4,0
39,4,13,269,4,0
40,4,13,264,4,0
41,4,14,284,4,0
42,4,13,279,4,0
43,4,13,286,4,0
44,4,13,281,4,0
45,5,14,276,4,0
46,6,15,226,4,0
47,7,14,183,4,1
48,9,12,166,4,1
49,10,9,135,4,1
50,11,8,137,4,1
51,12,7,128,4,1
52,14,6,117,4,1
53,17,6,102,4,1
54,19,3,82,4,1
day,number of animals,number of grass,avg energy,length of life,avg children
1,5,2,95,0,0
2,5,4,90,0,0
3,5,6,85,0,0
5,4,90,0,0
day,number of animals,number of grass,avg energy,length of life,avg children
1,6,2,95,0,0
2,7,4,74,0,0
3,8,6,58,0,0
7,4,75,0,0
4,9,8,46,0,0
5,10,10,36,0,0
6,12,11,27,0,1
7,13,11,22,0,1
8,13,13,25,3,1
9,11,14,26,6,0
10,11,14,21,6,0
11,8,15,34,5,0
day,number of animals,number of grass,avg energy,length of life,avg children
day,number of animals,number of grass,avg energy,length of life,avg children
1,31,2,95,0,0
2,33,4,86,0,0
3,38,6,76,0,0
34,4,85,0,0
day,number of animals,number of grass,avg energy,length of life,avg children
1,6,2,95,0,0
2,7,4,74,0,0
3,8,6,58,0,0
7,4,75,0,0
4,9,8,46,0,0
day,number of animals,number of grass,avg energy,length of life,avg children
1,5,2,95,0,0
2,5,4,90,0,0
5,3,92,0,0
3,5,5,85,0,0
day,number of animals,number of grass,avg energy,length of life,avg children
1,12,2,95,0,0
2,14,3,74,0,0
3,16,5,62,0,0
4,19,7,49,0,0
5,22,6,36,0,0
6,27,7,33,0,1
7,31,6,23,2,1
8,31,4,18,4,1
9,29,5,22,3,1
10,29,5,18,4,1
11,28,6,16,4,1
12,24,8,13,4,2
13,20,8,11,3,2
14,12,7,23,4,2
15,12,8,29,4,2
16,11,9,32,4,2
17,12,8,21,4,2
20,6,33,2,1
day,number of animals,number of grass,avg energy,length of life,avg children
1,10,2,95,0,0
2,12,4,90,0,0
3,15,5,70,0,0
4,19,6,54,0,0
5,24,7,40,0,0
6,31,7,29,0,1
7,38,7,20,0,1
8,39,8,15,1,1
9,28,6,19,2,1
10,27,7,24,3,1
11,27,4,18,3,1
12,26,5,19,4,1
13,25,5,17,4,1
14,17,6,22,4,1
15,18,6,17,4,1
16,14,7,20,4,1
17,12,8,24,5,1
18,13,9,24,4,1
19,13,9,17,5,1
20,10,9,30,5,1
21,12,9,22,5,1
22,13,9,19,5,1
23,12,9,19,5,1
24,12,10,19,5,1
25,8,11,22,5,2
26,5,11,32,5,2
27,3,12,50,5,1
28,3,11,45,5,1
29,3,12,57,5,1
30,3,13,52,5,1
16,7,33,3,0
31,4,14,47,5,1
32,4,13,30,5,1
day,number of animals,number of grass,avg energy,length of life,avg children
1,10,2,95,0,0
2,11,4,90,0,0
3,13,5,76,0,0
4,15,4,60,0,0
5,17,5,53,0,0
6,20,5,42,0,0
7,25,6,33,0,1
8,28,6,21,0,1
9,26,7,19,2,1
10,23,8,16,3,1
11,17,7,17,3,1
12,15,7,22,3,1
13,12,8,21,4,1
14,10,9,24,4,1
15,10,9,19,4,1
16,9,10,20,4,1
17,5,9,32,4,2
18,4,11,60,5,2
19,3,13,75,5,2
20,3,14,70,5,2
21,3,14,65,5,2
22,2,14,94,6,1
23,2,13,89,6,1
24,2,14,109,6,1
25,2,14,104,6,1
26,2,14,99,6,1
27,2,13,94,6,1
28,3,13,114,6,1
29,4,12,71,6,1
30,5,11,60,6,1
31,6,11,53,6,1
32,7,12,39,6,1
33,8,12,29,6,1
34,10,10,20,6,1
35,11,10,24,5,2
36,12,11,22,5,1
37,13,11,13,5,1
10,9,53,3,1
38,10,12,19,5,2
39,9,13,18,5,2
40,7,12,20,5,2
41,8,13,33,5,2
42,9,13,24,5,2
43,7,11,30,5,3
44,7,11,46,5,3
45,8,12,67,5,2
46,9,11,51,5,2
47,9,11,57,5,2
48,9,11,63,5,2
49,9,12,69,5,2
50,11,13,64,5,2
51,13,14,47,5,2
52,16,15,35,5,2
53,18,13,23,5,2
54,20,11,24,5,2
55,21,8,27,5,2
56,18,7,36,5,2
57,18,9,39,5,2
58,15,8,44,6,1
59,17,6,46,6,1
60,18,7,48,6,2
61,20,7,35,6,2
62,17,5,38,7,1
63,17,4,39,7,1
64,16,4,47,7,1
65,16,6,50,7,1
66,18,6,39,7,1
67,21,6,33,7,1
68,22,6,29,7,1
69,20,5,36,6,2
70,21,6,33,6,2
71,19,6,38,6,1
72,21,7,34,6,2
73,20,7,32,6,2
74,19,6,31,6,2
75,15,8,53,6,2
76,15,8,40,6,2
77,16,9,47,7,1
78,19,10,36,7,1
79,20,11,30,7,1
80,18,12,27,6,2
81,17,14,29,6,2
82,16,14,29,6,2
83,19,14,25,6,2
84,17,12,25,7,2
85,17,12,31,7,2
86,15,12,26,7,2
87,12,10,35,7,3
88,13,10,44,7,3
89,14,11,53,7,1
90,16,10,44,7,1
91,17,9,40,7,1
92,16,9,52,7,2
93,15,8,47,7,1
94,15,9,46,7,1
95,13,9,55,7,1
96,14,7,45,7,1
97,14,8,48,7,1
98,15,6,39,7,1
99,15,7,42,7,1
100,12,8,49,7,2
101,11,7,49,7,2
102,9,8,55,7,1
103,6,9,78,7,2
104,8,9,73,7,2
105,9,9,56,7,2
106,9,7,57,7,2
107,10,7,65,7,2
108,13,7,52,7,2
109,14,5,38,7,2
110,14,5,45,7,2
111,15,5,44,7,2
112,15,7,43,7,2
113,16,4,32,7,2
114,18,4,38,7,2
115,16,5,39,7,2
116,17,4,32,7,2
117,14,6,43,7,2
118,16,7,35,7,2
119,16,5,34,7,2
120,19,4,34,7,2
121,20,3,30,7,2
122,16,5,46,7,2
123,15,6,41,7,1
124,14,7,43,7,1
125,16,9,39,7,1
126,19,10,29,7,1
127,20,12,25,7,1
128,21,9,21,7,1
129,23,7,25,7,1
130,23,7,25,7,2
131,22,5,25,7,2
132,20,7,27,7,2
133,22,8,22,7,2
134,22,9,18,7,2
135,17,6,23,7,2
136,16,6,38,7,2
137,15,7,37,7,2
138,14,7,39,7,2
139,14,7,42,7,2
140,14,8,46,7,2
141,18,8,34,7,2
142,20,6,26,7,2
143,23,5,24,7,2
144,25,6,18,7,2
145,17,7,24,7,2
146,16,7,28,7,3
147,19,7,21,7,2
148,16,7,23,7,3
149,16,7,20,7,2
150,14,9,29,7,2
151,14,10,20,7,2
152,9,10,32,7,2
153,7,11,44,7,1
154,8,12,46,7,1
155,9,13,42,7,1
156,9,13,43,7,1
157,11,12,39,7,1
158,12,12,40,7,1
159,11,12,36,7,1
160,6,11,63,7,2
161,6,12,91,7,2
162,6,12,87,7,1
163,6,10,67,7,1
164,6,10,79,7,1
165,6,10,82,7,1
166,6,11,86,7,1
167,6,13,89,7,1
168,6,13,103,7,1
169,7,13,81,7,1
170,6,11,85,7,2
171,6,10,96,7,2
172,6,10,108,7,2
173,6,9,111,7,2
174,7,9,123,7,2
day,number of animals,number of grass,avg energy,length of life,avg children
1,10,2,95,0,0
2,10,3,90,0,0
3,10,5,90,0,0
4,11,6,85,0,0
5,13,8,76,0,0
6,15,8,60,0,0
7,18,8,50,0,0
8,22,7,39,0,0
9,26,6,32,0,1
10,31,6,27,3,1
11,33,7,20,4,1
12,30,6,16,5,1
13,26,5,17,4,1
14,25,6,17,4,1
15,20,6,17,4,1
16,17,5,20,4,1
17,13,7,36,5,1
18,12,9,35,4,1
19,10,10,34,5,1
20,9,10,33,5,1
21,9,11,39,5,1
22,10,12,35,5,1
23,10,13,36,5,1
24,11,13,27,5,1
25,10,13,22,5,1
26,10,12,26,5,1
27,10,12,38,5,2
28,11,12,34,5,2
29,10,10,39,6,1
30,11,10,45,6,1
31,9,11,50,6,2
32,8,11,52,6,1
33,9,12,53,6,1
34,10,14,48,6,2
35,12,14,34,6,2
36,15,15,31,6,2
37,16,12,23,6,2
38,17,13,32,6,2
39,17,13,28,7,1
14,9,40,3,1
day,number of animals,number of grass,avg energy,length of life,avg children
1,10,2,95,0,0
2,10,4,90,0,0
3,13,5,85,0,0
4,16,6,60,0,0
5,19,6,44,0,0
6,23,8,37,0,0
7,28,7,25,0,1
8,34,7,18,0,1
9,32,7,13,2,1
10,21,8,17,3,1
11,19,8,18,3,1
12,17,7,19,4,1
13,18,7,17,4,1
14,12,5,23,4,2
15,11,5,32,4,2
16,12,6,32,4,2
17,10,7,35,4,2
18,10,8,31,4,1
19,12,8,28,4,1
20,14,6,22,4,1
21,14,7,27,4,1
22,11,7,30,4,2
23,13,7,22,4,2
24,13,7,16,4,2
25,12,8,17,4,2
26,8,7,19,5,2
27,6,8,30,5,3
28,6,9,31,5,3
15,6,33,2,1
day,number of animals,number of grass,avg energy,length of life,avg children
1,11,2,95,0,0
2,12,4,81,0,0
3,13,6,69,0,0
4,15,8,59,0,0
5,18,7,46,0,0
6,20,6,41,0,0
7,22,5,37,0,1
8,22,5,35,2,1
9,19,6,49,4,1
10,22,5,36,4,1
11,24,6,35,4,1
18,5,53,1,0
day,number of animals,number of grass,avg energy,length of life,avg children
1,10,2,95,0,0
2,11,3,90,0,0
3,12,5,81,0,0
4,14,6,69,0,0
5,17,7,54,0,0
6,20,7,40,0,0
7,26,8,29,0,1
8,29,8,17,0,1
17,5,59,0,0
9,29,7,16,1,1
10,28,8,12,3,1
11,24,9,9,3,1
12,14,9,16,3,1
13,11,10,28,4,1
14,12,10,23,4,1
15,12,9,20,4,1
16,12,8,20,5,1
17,10,8,23,5,1
18,7,9,29,5,1
19,5,9,37,5,2
20,5,9,42,5,2
21,4,9,60,5,1
22,3,9,92,5,0
23,3,10,104,5,0
24,3,10,99,5,0
day,number of animals,number of grass,avg energy,length of life,avg children
1,11,2,95,0,0
2,12,4,81,0,0
3,14,6,69,0,0
4,17,7,54,0,0
5,20,8,42,0,0
6,25,10,34,0,1
7,30,10,22,0,1
8,28,9,21,2,1
9,22,8,27,3,1
10,21,8,27,3,1
11,19,9,25,3,1
12,16,9,30,3,2
13,17,9,30,3,2
14,15,10,29,3,2
15,10,11,51,4,2
16,12,13,41,4,2
17,14,13,29,4,2
18,15,13,25,4,2
19,16,12,26,4,1
20,17,11,24,4,1
21,14,10,30,4,2
22,14,11,35,4,2
17,9,38,2,1
23,12,12,34,4,2
day,number of animals,number of grass,avg energy,length of life,avg children
1,10,2,95,0,0
2,10,4,90,0,0
3,10,4,85,0,0
4,11,5,85,0,0
5,12,6,72,0,0
6,13,5,61,0,0
7,16,6,59,0,0
8,19,8,46,0,0
9,23,9,33,0,0
10,27,9,25,0,1
11,27,5,21,3,1
12,27,5,27,3,1
13,28,7,21,3,1
14,27,9,17,4,1
15,23,10,16,5,1
16,18,12,18,5,1
17,13,12,19,5,1
18,10,13,31,5,1
19,7,13,40,5,1
20,6,11,59,5,1
21,4,11,109,6,1
22,3,12,141,6,0
15,8,53,2,0
day,number of animals,number of grass,avg energy,length of life,avg children
1,33,2,95,0,0
2,37,4,81,0,0
3,44,6,67,0,0
4,52,7,51,0,0
5,60,9,39,0,0
6,69,10,29,0,1
7,77,10,22,2,1
8,76,9,18,3,1
9,62,10,18,3,1
10,44,11,26,3,1
11,39,13,25,4,1
12,33,13,24,4,1
13,25,15,30,4,1
14,19,16,36,4,1
15,18,17,36,4,1
16,14,18,45,5,0
17,14,20,44,5,0
18,13,21,42,5,0
19,12,23,45,5,0
20,12,25,40,5,0
21,9,25,49,5,0
22,9,27,55,5,0
23,9,29,50,5,0
33,14,42,3,0
day,number of animals,number of grass,avg energy,length of life,avg children
1,30,2,95,0,0
2,30,4,90,0,0
3,33,6,85,0,0
4,37,8,72,0,0
32,5,85,0,0
5,42,9,59,0,0
6,47,11,48,0,0
7,52,12,38,0,0
8,59,14,32,1,0
9,62,13,23,3,1
10,59,14,24,3,1
11,57,13,22,3,1
12,53,12,21,3,1
13,46,14,22,4,1
14,37,15,23,4,1
15,33,17,21,4,1
16,25,18,26,4,1
17,21,20,33,5,1
18,24,21,23,5,1
19,20,23,23,5,1
20,18,24,23,5,1
21,18,26,24,5,1
22,19,25,15,5,1
23,14,27,25,5,1
24,14,28,25,6,1
25,14,30,25,6,1
26,16,31,16,6,1
27,16,33,12,6,1
28,14,34,11,5,2
29,10,34,15,6,2
30,8,35,27,6,1
31,6,35,40,6,2
32,6,36,52,6,2
33,6,37,55,6,2
34,6,38,58,6,2
35,5,40,76,6,2
36,4,42,90,7,1
37,4,42,85,7,1
38,4,43,105,7,1
39,4,45,112,7,1
40,4,47,107,7,1
41,4,49,102,7,1
42,4,50,97,7,1
43,4,52,105,7,1
44,4,54,100,7,1
45,4,55,95,7,1
46,4,57,102,7,1
47,4,59,97,7,1
48,4,61,92,7,1
49,4,63,87,7,1
50,4,64,82,7,1
51,3,64,122,7,0
52,3,65,150,7,0
53,2,66,247,7,1
54,2,68,267,7,1
55,2,70,262,7,1
56,2,71,257,7,1
57,2,72,252,7,1
58,2,73,247,7,1
59,2,73,242,7,1
60,2,73,262,7,1
61,2,74,307,7,1
62,2,75,302,7,1
day,number of animals,number of grass,avg energy,length of life,avg children
1,30,2,95,0,0
2,35,4,90,0,0
3,40,6,72,0,0
35,4,85,0,0
4,49,7,58,0,0
5,60,7,43,0,0
day,number of animals,number of grass,avg energy,length of life,avg children
1,10,2,95,0,0
2,12,4,90,0,0
3,14,6,70,0,0
12,4,85,0,0
4,17,8,55,0,0
5,20,9,40,0,0
day,number of animals,number of grass,avg energy,length of life,avg children
1,17,1,95,0,0
2,20,1,78,0,0
3,23,2,64,0,0
4,29,4,51,0,0
5,37,4,35,0,0
25,2,64,0,0
6,45,3,25,0,1
7,50,3,20,1,1
8,45,2,18,2,1
9,40,3,20,3,1
10,38,2,20,3,1
11,33,3,17,3,1
12,29,4,16,3,1
day,number of animals,number of grass,avg energy,length of life,avg children
1,17,2,95,0,0
2,22,4,78,0,0
3,27,5,55,0,0
4,33,7,42,0,0
5,41,6,29,0,1
6,52,6,21,0,1
7,60,2,13,2,1
8,54,2,13,3,1
9,43,2,12,3,1
10,38,2,10,3,1
11,28,4,12,3,2
12,21,6,11,3,2
13,15,6,13,4,2
14,15,5,15,4,2
15,13,6,15,4,2
16,9,8,24,4,2
17,6,8,32,4,2
18,5,10,54,4,2
19,5,12,49,4,2
20,5,12,44,4,2
21,6,13,49,4,2
22,7,14,44,4,2
23,7,14,40,4,2
24,7,14,49,4,2
22,7,34,2,1
day,number of animals,number of grass,avg energy,length of life,avg children
1,10,2,95,0,0
2,11,4,90,0,0
3,12,6,76,0,0
4,13,6,65,0,0
5,15,7,63,0,0
6,19,9,53,0,0
7,22,9,36,0,0
14,6,68,0,0
8,26,10,35,2,1
9,31,9,22,2,1
10,35,6,18,5,1
11,37,4,20,4,1
12,38,4,16,4,1
13,30,4,19,4,1
14,30,5,16,4,1
15,24,5,17,4,1
16,19,5,19,4,2
17,21,6,18,4,2
18,18,5,17,4,1
19,13,6,26,4,2
20,10,8,35,4,2
21,7,10,46,5,2
22,6,11,50,5,2
23,6,12,53,5,2
day,number of animals,number of grass,avg energy,length of life,avg children
1,17,2,95,0,0
2,22,4,78,0,0
3,28,6,55,0,0
4,34,5,38,0,0
5,42,3,30,0,1
6,52,3,22,0,1
7,59,3,14,0,1
8,53,2,12,2,1
9,40,4,16,3,2
10,35,2,13,4,1
11,26,3,21,4,2
12,26,4,20,4,2
13,23,6,20,4,2
14,22,5,16,4,2
15,20,4,23,4,2
16,21,5,22,4,2
32,3,30,2,1
day,number of animals,number of grass,avg energy,length of life,avg children
1,16,2,95,0,0
2,19,4,84,0,0
3,23,5,65,0,0
4,28,5,49,0,0
5,34,5,37,0,0
6,41,4,27,0,1
7,46,4,20,1,1
8,50,4,14,2,1
9,52,3,10,3,1
10,43,2,9,4,1
11,35,4,7,3,1
12,21,5,9,4,2
13,12,6,12,4,2
14,10,7,16,4,2
15,8,8,22,4,2
16,5,10,41,5,2
17,5,12,36,5,2
18,5,13,31,5,2
25,5,32,2,1
19,5,14,36,5,2
20,5,14,31,5,2
21,4,15,59,5,3
22,4,15,54,5,3
day,number of animals,number of grass,avg energy,length of life,avg children
1,17,1,95,0,0
2,20,2,78,0,0
3,25,2,62,0,0
4,31,3,46,0,0
5,38,2,32,0,1
6,47,3,22,0,1
7,53,2,13,3,1
8,53,1,9,2,1
9,33,2,16,3,2
35,2,41,0,0
10,28,3,16,4,1
day,number of animals,number of grass,avg energy,length of life,avg children
1,18,2,95,0,0
2,23,3,74,0,0
3,30,5,55,0,0
4,36,5,37,0,1
5,43,4,28,0,1
6,51,4,20,0,1
7,50,2,14,2,1
8,40,1,17,3,1
9,29,2,21,3,1
35,3,40,0,0
10,25,3,29,4,1
11,22,4,29,4,1
12,25,5,25,4,1
13,29,6,19,4,1
14,29,8,14,4,1
15,20,7,15,4,1
16,17,7,19,4,2
17,12,7,34,4,2
18,13,8,39,4,2
19,14,10,35,5,1
20,16,9,25,5,1
21,14,9,30,5,1
22,13,10,40,5,1
23,14,9,36,5,1
24,15,9,33,5,1
25,17,10,29,5,1
26,16,11,24,5,1
27,16,10,23,5,1
28,14,11,29,5,2
29,12,9,24,5,2
30,8,10,51,5,1
31,7,9,54,5,1
32,7,9,63,5,1
33,6,10,77,5,2
34,6,10,72,5,2
35,7,10,67,5,2
36,9,10,59,5,2
37,11,10,41,5,2
38,13,8,29,5,2
39,16,7,27,5,2
40,19,5,23,5,2
41,20,6,24,5,2
42,18,8,25,5,1
43,18,7,22,5,1
44,18,7,24,5,2
45,20,7,21,5,2
46,18,5,23,5,2
47,15,7,46,5,2
48,18,7,32,5,2
49,22,7,29,6,1
50,25,7,22,6,1
51,29,6,18,5,2
52,30,4,16,5,2
53,29,5,22,6,1
54,29,4,17,5,1
55,23,4,23,5,2
56,20,4,25,6,1
57,15,3,34,6,1
58,17,4,33,6,1
59,14,4,34,6,1
60,14,5,33,6,1
61,12,6,39,6,2
62,13,7,35,6,2
day,number of animals,number of grass,avg energy,length of life,avg children
1,31,2,95,0,0
2,32,4,86,0,0
3,35,5,79,0,0
4,40,7,68,0,0
5,46,9,55,0,0
6,53,10,43,0,0
7,61,11,33,0,0
8,69,13,24,0,1
45,7,60,0,0
day,number of animals,number of grass,avg energy,length of life,avg children
1,32,2,95,0,0
2,34,4,84,0,0
3,38,6,74,0,0
4,44,5,61,0,0
5,50,7,51,0,0
6,58,8,40,0,0
42,5,67,0,0
day,number of animals,number of grass,avg energy,length of life,avg children
1,31,2,95,0,0
2,33,4,86,0,0
3,35,5,76,0,0
4,40,7,68,0,0
34,4,81,0,0
day,number of animals,number of grass,avg energy,length of life,avg children
1,32,2,95,0,0
2,37,3,84,0,0
3,45,5,69,0,0
4,53,7,51,0,0
41,4,74,0,0
day,number of animals,number of grass,avg energy,length of life,avg children
1,32,2,95,0,0
2,34,3,84,0,0
3,39,5,75,0,0
4,45,6,60,0,0
5,51,7,48,0,0
6,59,8,39,0,0
7,68,10,29,0,0
8,77,12,21,4,1
9,78,9,14,3,1
10,60,10,19,3,1
11,39,11,25,4,1
12,33,12,27,4,1
13,27,14,34,4,1
14,27,16,31,5,1
15,33,16,21,5,1
16,36,16,16,5,1
17,34,17,15,4,1
45,10,38,2,0
day,number of animals,number of grass,avg energy,length of life,avg children
1,31,2,95,0,0
2,35,4,86,0,0
3,40,6,72,0,0
35,4,84,0,0
day,number of animals,number of grass,avg energy,length of life,avg children
1,30,2,95,0,0
2,30,4,90,0,0
3,31,6,85,0,0
4,33,8,77,0,0
5,36,9,67,0,0
32,5,82,0,0
day,number of animals,number of grass,avg energy,length of life,avg children
1,31,2,95,0,0
2,32,4,86,0,0
3,34,6,79,0,0
4,38,7,69,0,0
5,44,9,58,0,0
6,51,11,45,0,0
7,59,11,35,1,0
8,68,12,28,3,1
9,74,14,20,3,1
10,67,13,16,3,1
11,62,14,16,3,1
12,43,16,19,3,1
13,32,16,23,4,1
14,26,17,27,4,1
15,24,19,28,4,1
16,20,21,33,5,0
44,12,42,2,0
day,number of animals,number of grass,avg energy,length of life,avg children
1,17,2,95,0,0
2,20,4,78,0,0
3,22,3,62,0,0
4,26,2,55,0,0
5,31,3,46,0,0
6,37,3,33,0,1
7,47,2,25,0,1
8,54,1,17,0,1
9,52,1,15,3,1
10,48,2,13,4,1
11,45,2,10,4,1
12,38,3,9,4,1
13,31,2,8,4,1
14,20,4,11,4,2
15,13,6,12,4,2
16,6,6,24,5,2
17,5,8,44,5,2
18,5,9,39,5,2
19,4,11,57,5,3
20,3,13,72,5,2
21,3,14,67,5,2
22,3,13,62,5,2
23,3,13,90,5,2
24,3,14,85,5,2
25,3,13,80,5,2
26,3,12,92,5,2
27,2,12,158,5,3
28,2,12,178,5,3
19,6,54,3,1
day,number of animals,number of grass,avg energy,length of life,avg children
1,5,2,95,0,0
2,6,4,90,0,0
3,7,6,70,0,0
4,8,8,55,0,0
5,9,9,43,0,0
6,11,11,38,0,0
7,14,12,26,0,1
8,15,11,19,0,1
9,12,11,29,2,1
10,12,11,29,3,1
11,11,11,28,4,1
12,8,11,35,3,2
13,5,11,63,4,1
14,4,11,87,5,1
15,5,12,82,5,1
16,6,11,60,5,1
17,7,12,53,5,1
18,8,12,41,5,1
8,9,52,2,0
19,9,12,43,5,2
